--- Tensor: Logits (shape: 500x10) ---
-1.65454, 0.749405, -3.96473, 4.11475, -0.161826, 0.285119, -0.922203, 3.49234, -2.61925, 0.400909
1.01961, -1.40403, -4.12015, -0.474878, -0.143406, 5.80165, 4.06608, 0.0691784, -0.144531, -3.04473
1.23594, 1.56166, 3.86205, -0.577388, 1.52644, -0.915219, -2.72467, 1.40439, -2.82783, 0.967277
1.56604, 0.29813, -3.53771, -1.80217, 5.24792, 0.256527, 1.93609, 4.14488, -1.26125, -0.895476
1.68231, 3.2725, -1.0044, -5.21439, 3.07178, -0.278244, 5.07669, 0.634417, -0.409812, -0.838307
-0.899156, -1.76996, 0.104512, 0.0816966, -2.00597, 1.68757, 0.380416, -1.09633, 0.349154, 0.484681
3.07783, -1.03902, -4.27903, -2.08254, 3.54124, 2.02556, 3.39745, -0.237235, 0.38284, -0.504425
2.61599, 2.28363, 1.84359, -0.629576, -0.532185, 0.0623028, 1.59443, 1.27878, -1.87501, -2.2849
2.65878, -0.832302, -1.71174, -3.96513, -0.921327, -0.594088, 1.81892, 4.36027, 0.497703, -0.146907
-1.84227, -1.59232, -2.60132, 1.84271, 0.0382579, 3.55675, -0.312783, 0.61896, -1.49281, 0.110036
-0.885973, 1.25121, -0.476896, -1.8932, 2.4269, -1.88316, -1.07597, 7.59424, -4.44697, 2.75563
0.207583, 0.197562, 0.8501, 2.38181, 0.285341, 1.00628, -1.21497, 0.464821, -1.81998, 0.757027
1.8683, -1.89294, 1.61752, -2.74108, 1.46475, 1.41514, -3.22506, 0.894413, 1.4934, -0.000460522
1.26984, 2.44661, 2.22242, -1.77186, -0.546804, -4.15641, 1.96777, 2.77957, 2.80423, -3.35231
1.43984, 2.81678, -0.253309, -1.00026, -1.19393, 2.05621, 3.27162, -1.13944, -0.380476, -1.69528
-0.932671, 2.95581, -0.377014, -1.90708, 3.06617, -1.14876, 1.63009, -1.55353, -0.110097, -0.219931
2.64458, -2.10483, -2.52135, -0.0918808, -0.694486, 3.79024, -0.154267, -1.19787, -0.553567, 2.16456
-1.08989, -0.639168, -2.50386, 2.78311, -0.543075, 0.918472, -1.78385, 3.94781, -3.807, 1.34917
1.72057, -0.950868, -2.17316, 1.12616, 0.513943, 2.54278, 1.53151, 1.4823, -1.66936, -2.70297
0.351473, 2.41773, 4.93518, -0.0533596, 0.899115, -2.02384, -2.70354, 1.66083, -3.33521, 0.822854
1.9342, 0.566695, -3.06915, 1.32807, 0.217174, 1.85099, 2.17845, 2.06723, -0.309608, -3.2338
-0.196158, 2.58163, 0.627511, -0.0633037, -0.957218, 2.27346, -0.585829, -1.75208, 0.221173, 0.305034
2.16098, 0.883465, 1.57106, 1.92991, -1.05437, -3.92894, -1.15314, 3.43451, 0.158644, -1.2062
1.56954, 1.568, -2.0818, 0.656217, -1.97434, 2.33532, 1.76367, -3.47345, 2.80506, -1.2455
1.78402, 0.301371, 1.78419, 3.46714, -1.0834, -1.12345, -1.92459, -0.512836, -0.430254, -0.422409
2.25638, -5.60498, 1.26336, 0.593881, -3.93808, -1.38639, -1.01605, -0.681748, 2.35291, 2.50537
-0.91259, 2.31773, 0.481447, 0.846205, -2.87968, 2.19392, -0.848501, -0.459022, -0.828362, 0.613101
-2.37162, 2.7689, -2.66987, -3.97055, -2.41258, 0.379055, 4.23674, -3.02492, 4.27963, 1.45194
-0.135974, -0.328929, -1.803, 5.15887, -0.981554, 3.38282, -0.907699, -0.895326, -2.1854, 0.393876
1.27428, -2.4736, -4.83365, -1.62588, 2.32513, 5.29511, 1.43631, 0.117197, 0.811526, 0.0272533
-0.464816, 3.9265, -0.492319, -0.267064, -1.24351, 0.519361, 0.127079, 3.21726, -1.93482, -1.13331
1.61432, 4.00801, -1.6458, -2.0729, 1.54308, -0.555488, 1.14786, 5.77146, -3.77013, -0.273193
-0.955112, 1.16129, -3.22158, -2.95537, 3.3041, 1.44511, 2.37141, 1.7571, -1.03518, 0.721723
6.61749, -1.58495, -0.309777, 1.17225, -2.12229, 0.0367401, -0.46104, -1.93223, 1.67538, -0.53429
-3.45656, -0.653718, -0.459891, -0.880631, 3.62849, -4.89089, -3.22079, 4.92466, -0.949576, 4.29671
1.05657, -0.458109, -2.1837, -1.30799, 0.814993, 3.54921, 2.52688, 1.35069, 0.010797, -2.75486
-1.42085, 0.496399, 2.26073, -0.0356939, -2.45105, 2.43498, -3.30588, 0.6609, -0.328553, 0.752389
0.0850572, 1.69836, 1.74052, 0.955542, -0.92961, -1.37244, -2.31277, 3.34137, -2.61323, 0.448653
-1.45394, 3.99628, 1.92638, -1.8422, -2.20042, 2.97885, 0.613112, -0.274104, 1.013, -2.50973
0.23425, -2.30423, -2.24319, 3.44173, -3.41305, 0.0863774, -1.10609, 1.20722, 0.870353, 1.02808
-0.746284, 1.52766, 1.28484, 2.96816, -0.0187754, -4.70066, 0.215632, -1.21718, 2.23301, -0.94706
1.19529, -0.507583, 2.08887, 3.84197, -1.40301, -0.270784, -0.360961, -2.49407, -0.880617, -0.575801
2.41493, -2.49862, 2.5298, -1.2701, 1.20449, -4.09389, 3.68965, 2.76891, 0.678361, -3.4024
-2.15408, 0.514877, 1.88207, -0.0297761, -1.80444, 0.961833, 1.34224, -0.86273, 1.04978, -2.29715
0.250203, 1.11406, -2.80319, -2.88802, 5.03008, 1.76335, 1.98985, -0.102306, -1.05437, 0.0912739
-0.721979, 4.60598, 0.664364, -0.527536, -1.23589, 1.96917, -0.188065, -0.395832, -1.27661, 0.553836
-0.0738, -0.606632, -4.09881, -3.2644, 1.97319, 4.09153, 1.29513, 2.35274, 1.29564, 0.599361
-0.689911, 3.24346, -0.939099, -0.376195, -1.32486, 2.30788, 0.332821, 2.32945, -1.70191, -1.58104
2.29171, 1.93604, -2.27087, -0.562787, 0.949259, 0.923932, 1.27111, 4.61967, -3.47569, -1.29087
0.298752, 1.94682, 1.01866, 0.0186191, 2.67733, -3.6323, 0.122094, 3.74384, -3.52924, -0.140393
2.95648, -2.72888, 0.582519, 1.67037, -2.45047, -1.00001, -0.60808, -3.87999, 3.38914, 0.662056
-3.42084, 0.282882, -0.366961, -1.39162, 4.93646, -5.26442, -3.9454, 4.39829, -0.0631243, 3.82853
0.952629, -1.3637, -2.56261, -1.23122, 1.81966, 4.03867, 2.77352, -0.667532, 0.758243, -2.46993
-0.479136, 2.62329, 0.473155, -0.567209, -0.627824, 3.33303, 0.164661, 0.405247, -0.280553, -1.86367
5.38206, -0.510654, -1.34488, -1.20536, 2.08927, -1.57238, 3.7512, 4.60008, -1.23478, -4.0667
1.73841, 0.116744, 0.376085, -0.144726, -1.01969, 1.82947, 0.409793, -1.55678, -0.836011, 1.2142
-0.0731483, -1.67448, -1.83154, 6.56071, -1.32316, -0.643072, -1.16274, 1.90343, -1.96237, -1.33257
-0.789456, 4.22958, 3.36102, -2.95574, 1.18299, -1.77746, -0.692026, 3.36818, -3.11213, 1.37076
1.65334, -1.56839, -0.537168, 0.947617, -0.227453, 1.78519, 1.03206, -2.19652, 0.534433, -0.09966
-0.111314, -0.175855, -4.93776, -1.71547, 0.028498, 4.58852, 6.0466, 0.57677, -0.319968, -1.9717
0.275661, 1.89258, -0.0534773, 0.29936, 0.112306, -2.09264, -1.68767, 8.56194, -4.43596, 1.83463
1.3907, 0.30637, -0.024966, -0.635644, -1.14278, 3.49289, 0.43111, -1.11973, 0.671842, -0.869698
1.20998, 0.991041, 0.913862, 1.09336, -0.367219, 0.326702, -0.174297, -0.355142, -0.0443716, 0.0664372
2.22386, -0.28171, 0.196829, -1.3455, 0.218735, -0.00114885, 0.589305, 2.34049, -2.24631, 0.500751
3.18761, 1.8001, -2.76863, 2.0869, 3.10691, -2.60615, 0.725494, 2.46305, -2.57333, 0.75179
0.363156, -1.67206, -4.51052, -1.27322, 0.406472, 4.36619, 4.05576, -0.0481615, 0.909689, -1.11956
5.12124, -0.234586, -3.1235, -1.69611, 1.58908, 0.774892, 3.05499, -1.50461, 1.29541, 0.212541
1.06312, -4.38579, -2.55596, -1.36623, -3.64777, 4.22753, 0.634471, -0.380216, 3.29111, 1.44186
-3.42031, -0.484837, -0.508415, -0.788048, 3.37636, -4.86756, -3.25468, 4.70699, -0.793163, 4.25069
1.01216, -0.589308, -2.43104, -1.42428, 0.899424, 3.81399, 2.52645, 0.923645, 0.287887, -2.51621
-0.929903, -1.58763, 2.89538, -0.563708, -0.557648, 1.70456, -0.932814, -2.15702, 2.30542, -1.77547
-1.75363, 1.52679, -1.20169, -4.68817, 2.12296, 4.10826, 1.80409, 0.403648, 0.173324, 0.0670217
1.92085, 2.87922, 4.48273, -3.65482, 2.36937, 0.468417, -1.40108, 0.745857, -0.978697, -3.08685
0.617094, 0.930077, 1.72114, 0.0390781, 0.617163, 0.681173, -1.10285, 2.08303, -3.37928, 0.810854
0.469378, 2.18598, 0.324547, 2.00713, 3.45624, -4.20643, 0.156139, 3.67513, -1.88752, -1.94425
1.9466, 3.70353, -0.617835, 0.473593, 5.56501, -3.22412, -0.443456, 1.012, -2.13042, -1.64439
2.68135, 1.9512, 0.0637798, 1.72543, -3.0678, 1.70334, 1.08815, 2.1934, -0.20839, -4.4635
-0.932127, -2.33491, -6.01856, 0.605069, 0.457683, 3.89128, 5.76983, -0.398912, 0.748955, -1.48167
3.34446, 1.48639, 1.11482, -1.28928, 1.19152, -1.73786, -2.23038, 6.69197, -3.53126, 0.521631
2.72211, 0.745405, -1.65715, 3.54803, 0.225672, 1.16373, 0.2036, 2.87408, -2.11111, -2.43003
1.72793, 4.73926, 2.19415, -1.14322, 4.07782, -1.83645, -1.85327, -0.0764923, -2.15915, -0.87993
1.46662, 1.62315, 0.185067, 1.66497, 0.976558, -5.64783, -3.28746, 2.87656, -2.15896, 3.83805
0.205024, 3.26996, -0.818953, 2.28648, 3.29519, -0.959203, -1.62668, -0.241244, -2.12696, 0.328414
2.42605, 0.0575075, -4.66056, 0.483129, -0.86389, 5.47105, 2.28927, 0.103809, -0.553217, -1.19003
-0.518789, -2.71386, -1.14324, 0.872128, -1.49585, 5.03208, -0.46029, 0.460848, -0.819735, -1.68693
-1.16943, -0.490208, -2.40696, 2.59665, -0.635455, 0.687765, -2.03587, 4.16812, -3.7749, 1.68874
1.77731, -0.782174, -2.28051, 0.799815, 0.74069, 2.51461, 1.78069, 1.54459, -1.83132, -2.50512
0.814957, 1.22922, 4.36746, -1.12298, 1.14979, 0.157161, -2.17814, 0.50935, -1.89471, -0.277131
3.46444, -0.807032, -1.02149, -3.32023, 2.64057, -1.49429, 2.22255, 5.86779, -0.515326, -1.0395
2.1064, 1.99294, -0.98664, -2.01329, 0.906429, 3.47393, 2.23683, 1.5115, -0.898004, -2.89058
0.97916, -1.31195, -1.49013, 2.21896, -0.114088, 0.470559, -1.62111, 0.73649, -1.39594, 1.64319
0.870117, -0.0552181, 0.143633, -0.66693, -0.551056, 3.55613, 1.72732, -2.77594, 1.62371, -2.17598
1.82132, -1.39672, 0.0864333, 2.57236, -0.113211, 0.438224, -2.06145, -0.965353, -0.290102, 1.68395
0.287353, 1.3053, 1.47687, 1.0792, 1.90543, -2.79057, 0.23981, 2.57707, -1.80786, -1.77331
1.14025, 1.802, 2.51837, -0.748081, -2.12305, 0.311878, 0.105429, 1.09338, -0.733822, -1.29821
-0.597562, 1.13267, -3.15649, -1.09537, 0.78367, 2.05772, 0.292991, -1.50577, 2.36495, 1.35126
-4.39057, 2.11587, 1.04372, -2.25957, 2.67444, -3.18243, -2.64729, 1.90499, -2.84843, 5.75942
-1.24038, 1.57281, 1.79883, 0.557342, 0.495513, -3.48568, -1.28854, 5.45042, -2.53221, 0.698193
3.63926, 4.55255, 1.87735, -1.15272, -0.667903, -3.34053, 1.23426, 3.40738, -0.0879783, -3.07082
0.718097, 0.651449, -4.21923, -1.92727, 0.307242, 2.38554, 5.67784, -0.278666, 0.873227, -1.21399
0.880217, -1.072, -3.68422, -1.838, 1.91568, 4.87705, 4.19895, -1.30619, 0.468904, -1.6706
1.4019, -2.40816, -2.3661, 2.01531, -3.16715, 4.63068, -0.916085, -1.562, -0.877165, 1.59607
-3.62668, -0.191552, -0.495236, -2.02703, 4.0644, -5.28887, -3.92094, 4.56911, 0.679735, 4.94209
0.436475, -1.59206, -3.19105, -1.75793, 1.34658, 4.57994, 3.97772, -0.817365, 1.46307, -2.67767
1.25752, -3.13331, -0.238365, -1.83084, -1.97046, 5.70759, 0.118589, 1.07403, 1.56476, -2.64404
1.62641, 4.24042, -0.0496325, -0.471945, 1.55937, 2.62931, 0.0616329, 1.20431, -3.85461, -1.24603
-0.173575, 2.16629, 2.62673, 4.79043, -3.14132, -1.88561, -1.3482, 1.49858, -2.01868, -1.9485
2.433, -2.28368, -1.63034, 1.93719, -0.104625, 1.69719, -0.139895, -1.17572, -0.0722901, -0.0460074
3.23429, 2.01775, 0.123221, -1.05481, 2.10109, -2.43514, 0.547011, 4.24896, -3.33187, 0.810875
1.56097, -1.24667, -1.56983, 1.40776, 0.828551, 1.19694, -0.428077, -1.67167, 0.0998697, 1.29188
-2.55121, -1.70379, 1.7071, -3.09782, -1.6121, -1.42481, 0.719844, -0.455375, 4.1008, 0.45926
-2.12427, 0.984814, 1.64562, 1.75445, -1.19506, 1.61164, 0.520191, 0.553876, -1.07847, -2.6495
-0.166196, 5.05727, -1.08202, -3.05303, 2.27089, -0.208713, 3.48468, 1.99933, -2.76158, -1.002
0.932418, 0.736014, -1.92948, -0.350072, 0.887283, 2.68214, 0.5233, -0.229026, -0.987247, 1.61018
0.307174, 1.35318, -2.92563, -3.74777, 4.02568, 0.287569, -0.133069, 0.0392378, 2.94736, 1.90654
-0.512321, -0.0566154, -4.39428, -0.0443763, -1.23218, 6.53729, 3.11717, -1.21055, 1.76606, -2.40268
1.42408, 0.477902, -0.902763, -0.465015, 0.137991, 3.57696, 2.31285, -0.973806, 0.327376, -2.06105
1.27467, -2.52286, -3.74162, -1.12012, 0.532497, 5.3604, 3.6165, -1.12164, 0.792448, -0.663805
1.30759, -2.90751, -2.56091, 2.94219, -4.73158, 2.5287, -1.11336, -2.01094, 2.43749, 1.7074
-3.54673, -1.33394, -1.90765, -0.41716, 2.26533, -2.85986, -2.38737, 5.39636, -1.156, 3.79635
0.830941, -0.932582, -0.723187, -1.31014, 0.115853, 4.6963, 2.22739, -1.52783, 1.04079, -3.6233
1.21238, -1.19356, -2.5261, -0.863037, -1.00799, 6.57583, 1.82992, 0.144564, 0.45765, -3.21286
3.21142, 1.11819, -3.38273, -1.47441, 0.83754, 2.89054, 3.7567, 3.44887, -0.705803, -3.73492
1.92791, 4.01938, 2.97069, 4.02834, -3.49707, 0.706527, -3.45489, -1.21066, -1.68817, -1.45208
2.66233, -2.42978, -1.87762, 1.28738, 0.392188, 1.55664, -0.00932315, 0.437746, -1.15828, 0.559802
0.852208, 1.31974, 5.81401, 0.480928, -0.673496, -3.25861, -2.54909, 1.50426, -1.55472, -0.0210937
1.07085, -0.412326, 1.67715, 0.136395, 0.0432266, 1.08655, -0.0823171, -1.04036, 0.0392877, -0.326414
1.57599, -0.29712, -3.00774, -0.741043, -0.193582, -1.42287, 3.03652, 4.56468, -2.10318, 0.640194
-0.0304237, 1.18961, -2.01969, 0.920318, -0.562401, 3.43708, 0.744334, 0.773963, -1.12565, -1.6548
-0.927089, 6.14773, -1.34935, -0.842212, 1.6109, 0.73069, -2.80959, 2.24701, -2.58614, 0.949341
-0.300525, 2.51725, 0.403338, -1.05743, 0.573345, 2.33087, 1.73983, 1.33119, -0.891404, -1.88241
0.311225, -1.28892, -3.81918, -4.24253, 0.52216, 1.13651, 2.64788, 2.77418, 2.98922, 1.46934
1.73364, 1.01175, -2.87956, -2.26117, 0.403577, 1.43735, 3.49835, -0.637098, 3.62113, -2.31275
0.957783, 1.77649, -3.1178, -0.488729, 3.67424, -0.724965, 3.15445, -1.12692, -0.479623, -0.192093
3.6827, 0.784152, -3.29128, -1.6886, 4.33581, -2.12691, 1.2971, 0.164312, -0.233962, 2.72511
0.539531, -3.74015, -2.89402, 0.776567, -3.53289, 6.17168, 0.688049, -1.01668, 0.286552, 0.237483
-0.720339, -1.12779, -2.8045, 1.40438, -1.57751, -0.416256, -1.51061, 5.51477, -1.57694, 1.46802
1.97708, -0.76517, -0.331399, 1.71884, -0.583861, 2.32384, 0.526254, 0.907478, -2.43563, -2.61189
4.22136, -1.53135, 4.26498, -2.80707, 1.45178, -1.09096, -1.82078, 1.1097, 0.588486, -2.04091
4.29366, 4.0019, 1.98384, -2.5676, 1.99739, -1.27009, 1.23184, 2.29079, -3.08913, -1.74798
3.74959, -1.27839, 0.387028, -1.79955, 0.926743, 1.61971, 4.79676, -0.0117589, -2.10756, -1.74401
2.16366, -2.6858, -0.616787, 2.31855, -0.492398, 0.200383, -0.75564, 0.762544, -1.27742, 1.20401
2.11473, -0.319179, -0.458683, -0.752483, 0.00931879, 0.797316, 2.07169, 1.09619, -1.00169, 0.188954
0.863838, 0.144133, -1.16794, 0.830202, -0.096164, 1.34285, -1.35076, 0.0363896, 0.66544, 0.985099
-1.29043, -2.38503, -1.77897, -4.08901, 2.7045, -0.810828, 4.25054, 0.64874, 2.02352, 1.60837
-2.36219, 2.78371, 3.93209, 0.249841, -1.32244, 1.38682, 0.665427, 0.200229, -1.249, -3.59709
0.187123, 2.94877, 0.0522899, -2.39295, 0.428056, 2.58118, 3.48416, 0.0807937, 0.295877, -4.16895
-0.0479649, 0.100814, -0.894417, 4.47325, 0.279857, 1.50149, -2.6804, 0.25567, -2.31709, 1.22496
3.15435, -3.49264, -3.28839, -1.30987, 1.4709, 3.45318, -0.0512689, 0.396982, 0.870823, 0.816585
-0.325133, 2.28285, -0.8383, 0.345826, -0.861298, 2.17263, 0.529456, 2.40789, -1.8072, -1.72705
-1.92278, 2.31215, 3.02513, -0.0131871, 2.80935, -2.40668, -1.49916, 1.08881, -3.50849, 0.0152002
3.47885, -1.22063, -3.35018, -1.34709, 1.90024, 2.13723, 2.64224, -2.3382, 1.14236, 1.30133
0.824269, -3.12555, -2.11171, 3.18677, -5.94975, 4.33159, -1.23558, -1.78, 2.10681, 0.615621
-1.54371, -0.644345, -2.63613, 2.04699, -0.537265, 0.593186, -1.70672, 4.79061, -3.64818, 1.95726
1.60331, -0.609491, -1.53307, 0.768303, 0.510737, 1.96338, 1.08818, 2.03972, -1.96549, -2.38989
1.21265, -0.0606692, 3.5691, -0.892832, 0.762346, 0.106773, -1.29704, 0.14917, -1.23274, 0.270876
0.440986, -0.715733, -3.96255, -0.28824, -1.24161, 5.56697, 5.14868, -2.05978, 1.57073, -2.21807
0.663537, 2.53615, -0.363118, -0.941835, -0.599414, 2.36643, 1.73897, -0.835056, 0.364279, -0.911287
0.884314, -0.427269, -0.145666, 2.78473, -1.77013, -0.41445, -0.380219, 1.60926, -0.526269, -0.475725
0.511056, 0.295819, -0.056278, 3.33684, -0.105569, -3.31645, 2.02847, 1.36287, 1.35946, -3.79131
0.560398, -0.17825, 0.517156, 0.779073, 0.166143, 1.70796, 0.607944, 0.436734, -1.89491, -0.281899
2.67135, -0.30365, 0.21243, -1.44324, 0.389797, -1.94655, 3.15169, 4.13121, 1.29417, -3.85262
-2.08592, 0.672098, 1.69606, 1.25348, -1.97796, 0.867544, -0.435924, -0.0790521, 0.186368, -1.53127
-1.96339, -0.316349, -1.91766, -1.48849, 2.47358, 0.487788, 1.20997, 1.04626, -0.0391474, -0.211992
1.77825, 4.74119, 2.54877, -1.08631, 0.423795, -1.23849, -1.89454, 1.00889, -1.5601, 0.864705
0.0458191, -0.311662, -2.09085, -2.17247, -0.915289, 4.70868, 0.312119, 2.44559, 0.819814, -1.08521
0.870134, 1.27999, -1.46898, 0.691462, -1.25747, 1.83304, 2.21849, 3.88549, -0.903519, -3.98301
-1.16795, -0.496851, -2.01682, -1.50976, -4.60111, 3.76645, 7.19221, -0.550938, 1.67404, -3.44452
1.50518, -1.79128, -4.26499, -2.70515, 1.40659, 3.13542, 3.54886, 0.534391, 1.10906, 0.965118
1.87055, -2.16855, -3.3947, 1.42354, -2.87414, 5.25539, 0.277418, -0.719316, 1.04486, -0.261758
-0.541223, -0.145748, -2.55771, 2.12838, -1.70039, 0.00261456, -1.45951, 5.06247, -1.77278, 0.173785
1.84297, -1.30668, -0.879796, 1.61078, 0.259648, 3.10681, 0.53056, 0.00779892, -2.00852, -2.61363
0.572454, 0.535934, 3.73147, -1.31835, 0.124912, 0.730824, 0.082293, -0.782162, -0.12464, -1.38616
2.92978, 1.97096, 1.62958, 0.626577, 1.46342, -0.7743, 0.2921, 4.63379, -4.27747, -1.70015
1.212, 1.42796, -0.699553, -3.83455, 1.20646, 3.31533, 1.41099, 4.14297, -2.24584, -1.20817
0.365996, -3.19468, -1.19278, 3.95717, -2.06881, 0.233402, -0.758855, -2.38728, 0.254505, 0.859271
1.6498, 0.454416, 1.32084, -0.282039, 0.329345, 1.4901, 0.759137, 0.615643, -1.60656, -1.22124
1.97122, -0.679998, -0.197846, 1.36612, -0.890181, 2.42325, 0.154039, -0.982601, 0.163762, -0.969824
1.79011, 2.09509, -0.593928, 0.196984, 2.36654, -3.14835, 1.42745, 4.39639, -1.60065, -1.91044
2.27079, 2.31434, 2.20246, -2.80881, 1.94078, -1.05945, 0.758696, 3.37786, -1.64971, -1.92919
-0.779298, -2.68775, -2.77004, 0.649199, -1.4718, 6.94579, -0.391651, -1.04106, 1.22876, -0.824364
-0.799794, 1.34054, 0.839429, -0.16386, 0.321452, 1.38403, 0.301844, -0.420327, -0.241464, 0.0890411
1.74173, 1.30886, 2.03081, -1.83514, 0.0768793, -1.04828, 0.879161, 2.85446, -1.54378, -0.979828
0.128512, 5.35827, 4.16846, -4.01699, -0.613595, -2.20324, 3.03175, 0.987084, 0.0143532, -3.09512
1.16871, -1.4757, -3.69074, 0.5146, -0.753069, 4.69922, 2.02786, -2.7521, 1.39694, 0.0501412
1.44812, -1.80467, -3.82792, -1.6475, 1.32661, 5.00187, 4.3994, -1.87189, 0.772452, -0.917167
-0.136536, -2.83785, -2.99066, 2.45141, -4.19458, 5.21185, -1.02141, -1.38386, 0.178503, 1.82462
-3.83433, -1.00725, -0.760156, -0.974667, 3.38237, -4.95481, -3.25946, 5.05742, -0.294874, 4.7665
0.786554, -1.12153, -2.57302, -1.12725, 1.30152, 4.08007, 2.64144, -0.461872, 0.823882, -2.52475
1.9391, -1.78229, 4.0977, -0.927551, -0.580921, 0.795698, -2.52882, -0.114846, 0.271551, -1.16504
1.10376, 3.27999, 0.547329, -3.63598, 2.0454, 2.33549, 1.72819, 0.553956, -0.870091, -2.37971
0.581741, 3.45454, -0.402868, 0.695234, 0.00696839, 4.40005, -0.203477, 1.15397, -4.03711, -0.98296
1.87735, -1.23001, 0.151146, 2.16749, -1.4618, -1.17456, -2.61817, 1.31046, -0.559466, 1.30313
-0.653978, -0.878871, -3.22305, 0.63095, -1.23022, 0.571697, 5.3973, -1.14739, -0.500767, -0.587371
0.191434, 1.92505, 1.93739, 1.59898, 1.55227, -0.618007, -0.802891, 0.406308, -3.19199, -0.0882684
2.26192, 0.17901, 1.90376, -3.64642, -0.326878, 1.53457, 2.30908, 1.30169, 2.35994, -4.81228
3.23785, 1.75089, -2.92556, 0.418691, 4.302, -3.468, 2.32073, 4.0196, -2.38509, -1.44002
-0.462195, 2.6829, 0.0624431, -0.500173, 3.22352, -2.42702, 4.58543, 2.10086, -1.70737, -4.72604
0.697548, 0.576654, 1.52346, 1.95025, -0.173964, 1.53644, -1.67765, -1.67922, -1.66116, 1.03941
2.96725, -1.93383, -1.92526, -0.787837, 0.375053, 1.03958, -1.60911, 3.41869, 2.4712, 0.117928
2.36303, 4.10999, -2.85294, 1.88952, -0.786773, -1.41954, 2.83098, 2.98915, -1.29749, -2.67335
3.15434, 1.46806, -2.84152, -1.03987, 1.82201, -2.25226, 4.50297, 5.47254, -2.15899, -2.15393
1.47582, -2.79141, -3.32222, -2.70755, -1.15806, 4.45244, -0.169534, 0.784984, 0.573401, 3.42733
1.38322, -4.16886, -2.97782, 0.0109313, -0.778084, 5.66857, 0.223286, -1.59906, 0.698907, 0.712314
-0.597402, -0.344497, -3.06744, 1.47024, -1.46666, -0.157761, -1.17934, 5.46511, -1.29378, 0.425969
1.72962, -0.795479, 0.281027, 1.36797, 0.114563, 1.95099, 0.214692, 0.340802, -2.20537, -2.42119
0.166433, -1.96432, 0.608542, -3.46915, -0.565018, 4.42334, 3.77033, 1.17899, 0.00080445, -3.54287
0.0261723, -2.41404, -2.5927, -1.02426, -1.9784, -0.124872, 1.97914, 6.99131, -0.0330804, 0.601576
-2.30128, 0.0392067, -3.07856, -0.306506, 1.61498, 4.71623, 1.70829, 0.509328, -2.95464, 0.787624
1.52144, -0.664567, 0.902947, 3.64893, -1.11944, 0.995713, -2.12101, 0.759511, -1.79853, -0.649051
2.70824, 0.231043, -0.0299571, 0.477664, -0.0683545, 0.484037, -0.7446, 1.59234, -2.35432, 1.87651
3.82288, -1.29774, -1.95045, 0.419013, 0.712967, -0.0689207, 0.215855, -1.59064, 1.4054, 1.39349
2.1449, 1.0232, -0.83003, -5.00815, -0.267408, -1.2335, 3.62501, 3.86034, 2.19822, -1.99571
-2.29608, 1.09528, -0.14692, 1.41769, -1.31052, 0.904586, -0.410932, 0.981331, -0.708794, -0.0596482
-1.42386, 4.6001, 1.25008, 0.826808, -1.07177, 1.27746, -0.110459, 0.0758669, -1.38841, -1.16055
0.297926, 0.67908, -2.11388, -2.49992, 4.73854, -3.88078, 5.767, 3.31471, -3.09564, 0.837552
-0.599977, 2.97967, -3.11459, -2.98676, 2.87846, 0.237385, -1.15245, 4.52832, -1.07344, 2.56301
3.50766, 2.3867, 0.118947, 1.43458, -1.1641, -3.44137, 3.07938, 2.12679, 0.161465, -3.0966
1.19631, -1.24107, -1.43628, 1.61692, -1.39683, 5.20226, 0.711355, -2.012, -0.565766, -0.433169
0.887958, -2.34411, -3.73803, -0.904282, -0.179417, 5.3957, 3.45739, -1.04089, 1.77656, -1.17215
0.998485, -2.43023, -3.04478, 2.22628, -3.84838, 2.05942, -1.50502, -1.78525, 2.0834, 2.92024
-3.50958, 0.163022, -0.365873, -2.71581, 5.33072, -4.95653, -4.22417, 3.96743, 1.05155, 4.61629
0.404382, -1.53927, -3.32892, -1.88315, 1.35334, 4.64169, 4.00841, -0.341295, 1.17405, -2.54017
1.94775, -0.754823, 1.09818, 0.328416, 0.821677, -0.147851, -0.561188, 5.9708, -1.34714, -3.37602
3.84234, 1.56152, 0.204983, -1.21466, 4.60052, -1.3538, -1.38388, 5.32907, -3.79374, -0.928945
2.29965, 1.65287, 0.648945, -1.7633, 3.03731, 0.94181, -0.444508, 2.48947, -2.53701, -0.157593
0.862446, 1.34619, 0.263523, 2.79763, 0.480754, -0.263255, -2.7572, 2.265, -3.08893, 0.413987
-0.158096, 0.387052, 0.309884, 3.56106, 0.286682, -2.16493, -0.99727, 1.83612, -2.16384, -0.351501
0.412897, -0.898601, 0.565027, 4.18238, -3.54872, 2.41152, 0.855606, -4.13799, -0.635671, -0.525428
2.02583, 1.50171, -2.69957, -0.116465, -2.04836, -0.606698, 4.60705, 3.21594, 1.20107, -2.81132
-1.68076, 1.23506, -2.62005, 0.0212712, -0.7926, 5.75973, 1.39263, -0.499141, -0.329997, -2.18443
-2.31988, 2.28458, -1.32864, -3.25452, 0.851054, 0.471206, -0.62172, 6.62437, -1.4343, 0.834955
-1.02078, -0.4623, -2.47114, -2.41884, 2.36914, 4.62493, 3.28372, 0.597923, 0.258378, -2.08996
2.03016, 1.59095, -1.5973, -2.29002, 1.21608, 0.0814002, 1.23156, 4.4039, -1.48649, -0.319341
2.83478, 4.5434, 1.07929, 1.49979, -1.80019, -4.20636, 2.23963, 3.07344, -1.4898, -2.92291
1.38434, 1.06756, -4.17372, 0.0243267, 0.333305, 3.77137, 1.6216, -2.28558, 0.666706, 0.655393
1.58898, -3.00957, -3.78953, -1.02133, -2.4633, 6.76818, 2.59215, -0.684042, 1.10969, -0.84941
0.80026, -2.89955, -0.296587, -0.45139, -0.386605, 5.20112, -0.0853449, -0.149998, -0.579698, -1.83657
-1.82058, -1.14642, -2.44188, 1.32749, -0.627867, -0.345909, -1.53947, 5.9914, -3.14362, 2.50534
1.80252, -0.340691, -0.852673, 0.973763, -0.0187447, 1.85171, 0.874661, 2.29373, -2.48516, -2.6612
0.153256, 0.177763, 2.5946, 0.129829, -0.328238, 1.78962, -0.759162, -0.889464, -0.394187, -0.526474
3.75511, 3.20357, 0.800403, 1.96117, -0.575819, 1.16418, 0.56249, 0.898026, -3.38556, -2.18878
0.572184, 0.907249, 0.756245, -2.18954, -0.428821, 3.46834, 3.02124, -1.02687, 1.80594, -3.70117
-0.44742, 0.0779263, -0.113394, 4.11983, -0.0800965, -4.72557, -2.43487, 3.42384, -1.35283, 1.11019
-0.272091, -1.5404, -2.08549, 3.82139, -4.08702, -0.869803, 3.18723, -3.74124, 3.74184, -1.06254
1.73627, -2.08723, -1.29644, 1.16439, 0.162569, 2.52424, 1.00766, -2.2393, 1.03729, -0.46675
-3.95327, -0.879064, -3.38185, -0.363753, 0.0530717, 4.12998, 3.24247, -5.63811, 2.06766, 1.04843
0.64683, 1.46877, -0.472785, -0.887019, 0.293795, 3.55322, 0.386214, -1.37706, -0.78335, -1.93464
-1.43566, 2.83786, 2.91002, 2.02929, -1.26197, 1.87771, -3.91326, 0.292966, -2.86075, -0.87147
0.980569, 4.04463, 1.96581, 3.48914, -1.22397, -1.21946, -0.541685, 0.070875, -2.38295, -1.36377
3.2075, -1.68237, -1.01451, -0.122333, 0.526672, 1.34706, 2.20614, 0.581031, -0.715896, -2.44487
1.10468, 4.48387, 4.55918, -3.76063, -0.469058, -2.56046, -0.46982, 3.24896, -1.15049, -0.662957
1.68631, -0.758518, -3.64028, -1.98989, -0.333034, 2.84698, 4.93227, -1.2104, 1.7952, -1.10228
0.426443, 0.0241022, -3.34264, -3.20636, 2.96556, 2.95456, 4.8903, -0.179799, 0.0582986, -1.09203
0.622305, -2.59537, -2.50433, 2.10489, -3.63472, 5.22215, -0.747104, -0.671253, -1.04727, 1.53332
-1.06437, -0.558422, -2.27837, 1.62424, -1.74531, -0.230816, -1.3453, 5.42394, -2.02066, 0.949612
1.85814, -0.817903, -0.498572, 1.52673, -0.0870064, 2.37195, 0.445175, 0.926176, -2.42204, -2.53228
0.798054, -1.00184, 2.27605, -1.43272, -0.936206, 4.26748, 2.04469, -1.95666, -0.485148, -2.16244
4.31901, 1.82547, -0.438715, -2.71826, 2.62861, 0.655586, 2.04735, 4.561, -2.81072, -2.12822
2.2999, 1.09531, -0.57424, -3.36601, 0.909585, 2.80183, 2.16584, 2.23419, -0.1655, -2.0487
-1.76493, -2.18911, -1.65878, 4.61121, -4.01559, 1.66932, -1.77522, -2.87918, 0.554876, 1.24627
2.22638, -0.11513, 0.0723063, 2.00876, 0.397869, 1.92667, -0.34267, -1.8565, -1.02136, -0.33276
3.91918, 1.36739, 0.440852, -0.152072, 1.19138, -1.34334, -0.262577, 2.2183, -2.23141, 0.642384
3.8839, 1.38909, -1.33754, 0.0230946, 2.79966, -2.67988, 2.12883, 4.18655, -1.59837, -2.51228
0.938615, 3.58763, 0.524155, -2.18093, -0.42056, 0.183709, 1.21133, 2.35059, -0.759341, -1.16198
0.0119711, -0.579887, -1.85528, 0.844691, -1.52118, 5.51273, 0.754909, -2.24621, 0.592608, -0.592159
-0.074483, 2.17068, 0.696241, 3.97946, -0.623246, 0.577237, -1.53356, 0.487499, -3.00062, 0.511946
2.69315, -1.28977, -3.03942, -2.62496, 2.03404, 0.23054, 0.630905, 2.82307, -0.702293, 2.48954
2.13942, 2.20752, 4.50173, -0.716277, -0.968156, -3.97157, -1.06628, 4.61502, -0.30522, -2.47462
1.43196, 0.432772, -4.11381, -2.53236, 0.400129, 0.633636, 7.18652, 0.0843227, -0.0520256, 0.422664
1.54842, -1.94319, -3.92706, -1.41468, 1.44882, 5.12957, 3.76579, -1.1259, -0.027113, -0.42204
1.10924, -2.99452, -3.14677, 3.60699, -4.34039, 4.72589, -1.59245, -0.792561, -0.188941, 1.90292
-1.65977, -0.30847, -1.77321, 1.24501, -0.788674, -0.321423, -2.2973, 4.50263, -2.6424, 2.22281
2.69041, -1.27432, -2.11791, 0.233354, -0.758105, 4.44863, 1.67649, 0.336296, -1.05494, -3.26418
0.397786, 2.28765, 4.06647, -1.76817, 2.0679, -1.16517, -1.39304, 3.9307, -3.25407, -1.13927
2.5435, 0.732731, 0.101154, -0.74405, 2.84057, -2.40856, 2.61347, 5.52146, -2.43041, -2.42047
3.07225, 2.01313, -1.19376, -3.18091, 0.811822, 2.36038, 2.51116, 0.21067, 0.220816, -1.53013
0.413611, -0.125643, 0.941034, 0.660331, -0.106938, 1.85114, -0.964408, 0.924042, -1.96517, 0.519973
1.16684, 2.12761, 2.78138, 2.8094, -0.534576, -0.532622, -1.55732, 0.146508, -2.74264, -0.20417
2.53193, 1.88899, -0.0642255, -0.175684, 5.15422, -2.04979, 0.530482, -0.165818, -1.15908, -1.65719
3.38634, 0.170782, -0.475308, -0.804379, 1.97025, -1.9012, 1.74338, -1.22347, 3.35725, -2.2268
4.3318, -2.79715, -1.85971, -3.05574, 2.68618, -1.08062, 1.24477, 4.05836, 0.654088, 0.585401
0.501817, 0.21318, 1.38299, 0.683867, 0.405187, 1.06744, -0.918865, -0.424525, -0.331987, -0.225052
2.93701, 1.38279, -1.56348, 2.67314, 0.151542, -1.83724, 0.0169186, 5.75674, -2.86504, -0.798134
2.29115, 3.01812, -1.03058, -2.97006, 5.8534, -1.65517, 0.109179, 1.14265, -1.3883, -0.434885
2.56463, 2.54986, 4.04061, -0.894258, 1.43266, -5.19848, -1.22066, 4.90207, -2.55002, -0.0636959
1.23861, -0.590635, -0.841746, 1.28767, -0.335598, 2.67587, -1.76386, -1.06916, -0.485456, 1.88255
1.00234, -2.90182, -3.69794, -1.0836, 0.289088, 4.50109, 3.96224, -2.30816, 2.26518, -0.528251
0.243044, -2.24009, -1.96537, 2.93268, -4.31403, 1.61475, -2.47713, -1.97831, 1.11307, 3.12942
-2.46737, -1.31214, -2.68022, -0.215057, 1.87841, -2.21378, -1.63143, 6.50781, -1.74878, 2.94723
2.18842, -0.24998, -0.579343, 1.04115, -0.53816, 2.59404, 0.865924, 0.227207, -2.10437, -2.53702
4.27372, -0.437834, 0.727786, -3.43225, 1.36392, 1.61226, -1.89739, 1.37557, -0.372159, -0.138682
1.33613, 3.1937, 1.79636, -0.620956, -0.343992, 1.94339, -1.4634, 1.17136, -2.59526, 0.0120666
-1.85805, -1.86295, -0.441667, -0.612967, -2.57594, 4.95826, 4.00423, -4.00931, 1.25004, -2.79104
1.53296, -1.88205, 0.875341, 3.0554, -1.70909, 0.13428, -1.06264, -0.405683, -1.82457, 0.402144
1.31103, 0.467003, 1.0591, -0.529971, -0.314615, 1.76704, 1.5671, -1.13555, -1.04218, -0.432632
1.71007, 0.0147167, 0.0340993, 0.169939, -0.14114, 1.31845, 1.52938, -1.86553, 0.794771, -1.26243
0.464912, -2.58209, -5.10648, -2.24869, 3.36589, 0.469163, 5.24986, -0.689404, 1.78625, 0.527293
-1.31229, 1.99261, -0.148952, -2.90104, -1.38981, 3.10987, 0.69839, -1.70871, 2.00357, -0.471298
-0.185807, 3.24601, 3.26171, -3.89824, -0.815699, -2.01357, 0.127952, -1.91131, 2.09953, 0.616366
0.524445, -0.896548, -0.581516, 0.904517, -1.07187, 3.77436, -0.200572, -1.15733, 0.937098, -0.215889
3.46622, -2.9828, -4.13603, -1.98332, 0.395854, 3.0562, 3.85543, -1.84655, 3.00215, -1.20596
2.37031, 4.63976, 0.549459, -1.66987, -0.530241, -3.32275, 1.00656, 3.03477, 0.504526, -1.09806
-1.11479, 2.42635, 1.26103, -0.665327, 1.74427, -1.97555, -1.69713, 0.158606, -0.696186, 0.362875
1.04434, -1.66258, -3.17413, -1.70062, 2.2532, 4.15966, 2.68859, -2.1405, 0.116443, 1.03907
0.308621, -2.07082, -2.76696, 3.24734, -3.91973, 4.99042, -0.909338, -0.695274, -0.573634, 0.751799
-1.52806, 0.00171942, -2.75267, 1.5836, -1.31233, 0.266956, -1.17029, 5.40323, -2.34294, 0.835772
2.11784, -0.813393, -0.298525, 1.24971, 0.388267, 2.21932, 0.245712, -0.0530161, -2.03711, -2.32756
0.883562, -0.605064, 2.71204, -3.80309, 0.832997, 1.85255, 3.25458, 1.39954, -1.51074, -2.15094
2.51479, -0.421112, -4.35816, -3.58248, 3.46255, 2.51693, 5.34024, 0.787177, 0.55438, -1.42664
0.226029, -2.4405, -2.05542, -2.02688, 1.55938, 4.72543, 5.51939, -1.54975, -0.95766, -1.84939
1.86946, -1.61508, 0.0405461, 2.69274, -1.26391, 1.32857, -1.27872, 1.21233, -2.01726, 0.146112
-1.32127, -3.03816, 1.5206, -0.27585, -2.1413, -2.84982, -0.249038, 3.84052, 2.87539, -0.33001
0.389196, 0.0778006, 0.93165, 1.53147, -1.57265, 0.709483, -0.471348, -1.91199, 1.83574, -0.815124
-0.219836, -0.81398, -2.49605, -2.83942, -0.276791, 2.56, 3.97194, 2.06104, 1.90573, -2.14114
0.215635, 1.18208, -0.457725, 0.473799, -1.48925, 2.80817, 0.0482388, 0.142281, -0.438852, -1.30512
0.926904, 4.89476, -0.758805, -1.83391, 1.69084, 0.883684, 1.09176, 1.26996, -1.69669, -2.71885
1.30232, 1.446, -0.230121, 0.660794, -2.23721, 3.53487, 0.836616, -1.26631, 0.485057, -1.55684
1.21764, -1.28155, -2.55795, -1.45187, 0.529811, 5.97008, 1.38039, -2.04119, 0.949784, -1.56864
-1.44704, 1.4209, -0.850222, -1.05297, -1.08321, 2.74152, -0.315628, 0.88014, -1.4806, 0.924685
-0.0627998, 2.73121, -1.45024, -2.81117, 3.28073, -3.11772, 1.66516, 1.43306, -2.67264, 2.79327
-0.337083, -0.0241283, -2.88276, -3.2709, 4.81709, 2.04387, 2.20429, -0.666684, -0.632724, 1.66984
1.94127, -2.43102, -1.006, 0.97784, -2.23141, 2.6339, -0.694506, 0.606686, -1.39595, 0.965875
-3.61931, -0.105701, -0.53961, -2.06123, 4.36844, -5.28659, -3.89302, 4.47082, 0.636317, 4.90325
0.544224, -1.59754, -3.20265, -1.78851, 1.44102, 4.55367, 3.92041, -0.716498, 1.37124, -2.62243
1.27562, -3.18561, -2.41685, -0.371797, -1.31709, 7.28549, 0.934449, -0.102025, 0.381877, -2.42438
1.46117, 3.00768, -0.311212, 0.517948, 1.33459, 3.41073, -0.0876388, 1.72566, -4.64479, -1.18999
0.951163, 3.00262, -1.39858, 0.378643, 0.525025, 3.49941, 2.73276, 1.13086, -3.92506, -1.54218
2.25714, -2.38583, -1.14272, 2.58505, -0.640376, 1.79992, -0.359524, -1.47554, -0.241684, -0.143937
1.19304, -1.06548, 0.812518, -0.651046, -2.98798, 2.71536, 2.07382, -1.93457, -0.00499875, -0.200057
2.80657, -0.821429, 0.225543, 1.02365, -0.294038, 0.538409, 0.609313, -2.20391, 0.239159, 0.497241
1.22961, 3.46678, -1.30348, 1.25432, 1.94967, -2.2095, 0.449629, 4.0273, -2.32927, -1.45623
1.04573, 1.54342, -3.22615, 1.60962, -0.802414, 4.12996, 1.40337, 0.809519, -0.950807, -2.54531
-1.54757, -0.512233, -2.14916, 0.0936694, -2.96261, 1.4818, -2.18021, 4.16434, 2.02787, -0.411326
1.27809, -0.285977, -1.45874, 0.403426, -1.39423, 3.54128, 0.289567, -0.702455, 0.974553, 0.24876
4.36664, 0.0371012, -3.50655, -1.23411, 5.61802, -1.39639, -0.269802, 1.97299, -1.19144, 1.34651
3.22675, 3.49883, -1.1643, -0.225048, 0.42863, -3.1535, 0.583214, 2.31342, 0.216106, 0.114669
-1.47871, 0.411433, -1.16152, -1.59781, 2.54481, -0.486065, 0.654152, 1.43017, -0.615151, 0.527621
2.5861, -1.87271, -3.62645, -0.640581, 1.48626, 1.76859, 3.31381, -2.54233, 1.34339, 1.25144
0.437885, -3.02774, -3.68432, 3.09299, -4.92786, 4.48162, -0.162262, -2.4571, 2.47747, 1.23291
-3.43422, -0.542869, -0.463486, -0.98939, 3.85715, -4.94767, -3.30847, 4.89662, -0.928589, 4.3233
1.0152, -0.487281, -2.23027, -1.30279, 0.848244, 3.61195, 2.61432, 1.26005, 0.0263652, -2.78656
-1.23276, 0.640008, 2.73003, 0.354459, -2.43994, 1.62235, -3.3513, 0.751412, -0.594836, 0.61503
0.148249, 1.74094, 1.8417, 1.13062, -0.75976, -1.95659, -2.15208, 3.49975, -2.6639, 0.35188
-1.58415, 0.957582, -0.265142, -2.01094, -1.207, 6.5894, 0.537332, -1.22221, 0.499343, -1.92793
-0.177626, -3.54832, 0.130239, 0.106218, -1.79433, 3.43869, 0.111238, 3.02703, -0.330313, -2.48551
-0.525775, 0.0127402, -1.44705, 2.75405, 0.640731, -1.55261, 2.25662, -0.489584, -1.59182, -1.19698
1.14832, -0.0419857, 0.704574, 2.12454, 0.51039, 1.68432, -0.010278, -0.981051, -2.48278, -0.450853
2.0576, 1.34089, 0.863764, -0.00167823, -0.880894, -0.73246, 0.368573, 4.76412, -1.65684, -3.14066
-0.449411, -1.61171, -1.57649, 1.53852, -0.206897, 2.75603, 0.557889, 0.686657, -0.657707, -1.96492
-1.22888, -2.7054, -2.36316, -1.9751, 0.422591, 5.76373, -0.435689, 1.55963, -0.0111609, -0.0324622
0.73197, 2.2342, 2.42718, 1.03876, 0.234977, 1.14016, -1.38643, 0.661072, -2.65439, -0.182786
0.244289, -0.407439, -2.72214, -4.09637, 0.428813, 5.09966, 4.15278, 1.27838, 0.543518, -1.81531
-0.227815, 1.47555, -2.93491, 0.810402, -2.9914, 6.04988, 0.307332, 1.90137, 0.334505, -2.72789
-0.0586435, 7.47751, 1.90662, 0.869633, -3.27347, 0.0510747, -1.4316, 1.47383, -3.84394, -0.223726
2.12247, -3.04476, -4.2528, -1.72755, 0.761657, 5.30503, 3.76295, -1.46346, 1.86919, -0.891582
2.48277, -0.985529, -1.71188, 2.27704, -2.85473, 1.91885, -2.06215, 0.113672, 0.798666, 0.965358
-3.85141, -0.953793, -0.738883, -1.0486, 3.36235, -5.02181, -3.31966, 4.93197, -0.0990147, 4.83466
0.707023, -1.31242, -2.70501, -1.17547, 1.4308, 4.18359, 2.62309, -0.665973, 1.00156, -2.36975
-0.416351, -2.16723, 2.16548, -0.584546, -0.448664, 2.12349, -1.15383, -1.46579, 2.32065, -2.27461
1.30445, -0.00368391, -3.92465, 1.32887, 1.08906, 3.58579, 2.33653, 1.23951, -1.89052, -1.17398
-3.03942, -2.02589, -0.686193, 3.87397, -2.84143, 3.54088, -0.881551, -4.16795, -0.312146, 1.23431
0.34657, -0.502855, 0.49748, 3.02326, -1.30787, 3.37363, -0.462326, 0.0786517, -2.18632, -2.10441
1.45753, -3.26655, -3.63757, 2.53012, -1.49356, 2.40284, 4.96561, 2.27103, -0.295763, -2.98253
1.42615, 0.0096756, -1.19873, -0.652907, 4.11103, -1.15669, 2.7672, -3.37872, 1.07779, -1.23014
0.311087, 1.38858, 1.73242, -0.423663, -2.5617, -2.03425, -0.506505, -2.93949, 4.31016, -0.523249
1.26069, 0.528051, 1.97808, -0.674149, -0.592631, -0.710126, 0.332143, -0.778573, 1.8293, -0.660502
2.53826, 1.55816, -0.303177, -1.83358, 2.57807, -1.28833, -1.11069, -2.01449, -0.974255, 4.47015
1.76289, 0.435186, -0.726784, -1.41217, 2.25378, -2.92608, -0.812234, 5.4864, -1.85906, 2.46109
2.18422, 3.88667, -2.72645, -1.04584, 4.99502, -0.924649, 0.630976, 2.47391, -3.13056, 0.087897
0.358591, 2.14411, 0.20628, -1.6155, 4.13213, -0.329226, -0.0652118, 0.0565054, 0.079495, -1.55451
-0.70976, 0.676458, -0.563726, -2.31474, 4.12898, 1.15501, 0.949924, -0.480623, 0.106902, -1.49912
1.3445, -1.75151, -3.73433, -1.4628, 0.401345, 5.57913, 3.73162, -1.22378, 1.32551, -1.32033
-0.342564, -2.78068, -0.660826, 4.05495, -4.67794, 2.24011, -3.53721, -0.760134, -0.0388973, 2.69375
-2.04515, 0.957379, -0.827155, 0.224879, 0.510758, -3.74647, -3.21489, 7.4123, -1.7147, 2.04579
0.41228, -0.11048, -3.74646, -3.26711, 2.43159, 4.42018, 4.3882, 0.905859, -0.406834, -1.56696
1.98515, 0.147062, 2.04403, -1.49742, 0.200305, 1.41092, -0.518257, 2.7377, -0.308662, -3.21537
1.94838, 3.58721, 1.69308, -0.856258, 1.2751, 1.59671, -0.827781, 3.2667, -4.36874, -1.04394
4.53919, 2.82071, 1.09574, -0.394397, 3.42069, -4.53145, -0.301385, 4.8933, -2.57997, -1.43463
2.24148, -2.27716, -2.2693, 2.4543, 0.386596, 2.07831, -0.428211, 0.259079, -1.54327, 0.36111
4.01383, 1.12883, 1.79822, -0.443883, 2.64656, -0.632973, -1.21702, 2.84414, -3.62537, -0.0636665
2.17126, 0.562855, 2.69593, 0.00668907, 0.531482, -0.768806, -1.53362, -0.662709, 0.0380307, -0.0318963
1.16429, 0.561575, -2.44218, 1.80912, 1.05031, -0.565884, 1.19001, 2.35958, -1.47608, -0.815473
-0.0348125, 1.51825, 1.68155, -1.15905, 0.294001, -2.36557, -2.18272, 6.95402, -3.99652, 1.79448
-0.500035, -0.942894, -3.35578, 0.0219859, -1.27669, 5.04226, -3.01293, 0.408559, 1.5693, 2.46257
0.336811, 0.574619, -0.17463, 4.34274, -0.184743, 1.18009, -1.60426, -0.437244, -1.8206, 0.206575
4.11109, -0.84043, -3.07173, -2.3655, 3.31123, -1.13836, 0.904786, 1.9889, 0.166053, 1.95141
1.69021, 3.80745, 0.516664, -0.953057, 3.56096, -2.78025, -1.79046, 2.95891, -3.50143, 1.27352
-1.44533, 0.282142, -1.60002, -2.29185, 2.10973, 1.42239, 2.53615, -1.4617, 0.776981, -0.957941
1.44992, -1.5541, -3.55687, -1.85714, 1.47808, 5.36253, 3.4273, -1.26452, 0.223376, -0.509722
0.276121, -2.35169, -2.32355, 3.61595, -4.11664, 4.50054, -1.58436, -0.854574, -0.494649, 1.05231
-0.0936808, -1.02676, -1.5286, 2.62929, -1.43043, 0.361735, -1.69049, 4.66469, -3.60054, 0.601006
1.8705, -1.35624, -2.80343, 1.45661, 0.448826, 3.31773, 1.43623, 0.191641, -0.959207, -2.33244
1.94349, 1.84205, 3.40867, 0.599424, 1.36645, -0.368912, -2.20402, 0.136411, -3.45898, 0.549391
2.45603, -1.18817, -5.13235, 0.911473, 1.80588, 2.79888, 3.36474, 0.869416, -0.0172449, -1.55277
1.44516, 2.59483, 0.549496, -2.40878, 0.651349, 0.611225, 3.99728, -0.969257, -0.0667412, -1.68784
0.501598, 0.302924, 0.392515, 0.648483, -0.0371466, 0.704095, -0.836371, -0.101016, -1.41402, 0.951896
1.17383, -0.344246, -0.483152, -0.0757242, -0.407375, 4.1653, 1.49478, -1.80296, 0.37481, -1.80902
0.424597, -0.0113799, 1.18473, 0.652445, 1.86455, 0.262057, -0.438177, -0.0276927, -2.33278, 1.02393
4.19383, 0.33981, 0.595195, -3.66214, 2.88467, -2.89248, 0.628132, 4.09532, 0.970648, -0.956448
2.19915, -0.479226, -1.38559, -0.858928, -1.4336, 2.88715, 1.5363, 0.702909, 0.838184, -2.09847
0.907807, 3.59181, -1.02621, 1.94942, -2.07211, -2.01483, -1.9956, 1.87595, -0.123621, 0.0681602
1.17478, 1.91088, 0.807395, 0.136807, 0.92878, 0.509867, -0.958318, -2.45421, 0.820278, 0.164042
0.6627, 1.80001, 1.30954, -1.00975, 0.317138, -1.55282, -0.779408, 3.43718, -1.44731, 0.466548
1.89012, 4.04864, 3.08261, -2.12889, 0.125663, -3.20786, -1.31748, 4.63655, -1.96574, 0.16537
-0.409319, 2.93865, -2.37027, -3.18366, 0.641488, -1.00237, 2.79327, 0.0930267, 0.892661, 1.65138
-0.99639, 2.79914, -0.557172, -1.7189, 2.79309, 0.0301046, 1.99945, -2.21129, 0.254939, -1.21235
4.11155, -1.75551, 0.356183, -0.181484, -1.18599, 2.11255, -0.783584, 1.30828, -2.80705, 0.750968
-1.43444, -0.414602, -2.56377, 1.68231, -1.26723, 0.202276, -1.18195, 5.23814, -2.57318, 1.06393
1.80888, -0.738455, -0.740216, 1.24596, 0.347351, 2.18562, 0.549301, 0.920896, -2.11959, -2.58434
2.2957, -1.13898, 3.66616, 0.300437, -0.0315046, 1.19921, -0.482729, -1.20871, -0.907628, -1.94179
4.26417, 2.18392, -3.01875, 0.424895, 1.84424, -0.429998, 2.54793, 0.318882, -0.97713, -0.892247
5.5954, 1.30835, 4.13832, -2.5304, 2.32096, -3.29552, -2.4682, -0.812801, -1.17783, 1.45661
1.13197, 0.60486, 1.37341, -0.297594, 0.416168, 0.765811, -0.810826, 1.77844, -2.64541, 0.793506
1.5194, 3.40382, 1.09512, 2.82002, -0.901034, -1.51841, -1.40354, 1.46668, -2.98579, 0.865716
2.404, 0.14671, -1.86428, -1.15918, 3.85156, -0.150307, 3.3104, -2.76329, 1.03015, -1.56765
0.922348, 1.8768, 0.264502, 2.05514, -2.61473, -0.0475221, 0.208523, -4.87447, 2.40742, -0.953004
-2.06158, 0.0508375, -1.40989, -3.60756, -2.1651, 0.806621, 1.0068, -0.461972, 6.28262, -1.29703
1.36037, -2.13055, -0.406096, -0.96574, 2.63845, 1.73933, -0.760308, 2.35627, -2.32464, 1.37662
1.29589, -1.28398, -2.684, 0.307682, 1.56711, -2.11863, -0.0307062, 5.90719, -0.839826, 1.54023
2.70848, 2.40057, -2.53264, -2.33252, 6.00669, -0.095565, 1.26899, 0.934288, -1.99399, -0.549454
2.90892, 2.71433, -1.19982, 2.0993, 4.0247, -3.17243, -1.73413, 1.68912, -3.18597, 1.50836
-0.174067, -0.601681, -4.04145, -2.11369, 2.07081, 3.59388, 3.99719, 0.994709, 0.0202431, -1.46003
0.983692, -1.94833, -3.92045, -0.700332, -0.469604, 6.04795, 3.45717, -0.901526, 1.03347, -1.15499
-1.09862, -2.78352, -0.0459269, 2.80503, -5.78081, 2.23369, -3.07346, -1.52435, 1.60141, 2.54627
-3.32785, -0.569082, -0.466507, -0.934366, 3.77701, -4.8224, -3.26929, 4.96537, -1.07509, 4.18876
1.01487, -0.390879, -2.34407, -1.35288, 0.802817, 3.50073, 2.72624, 1.61776, -0.103929, -2.77721
-0.362152, 1.26966, 0.362834, 0.464604, -0.558459, 2.3086, -1.77025, 1.4529, -1.99802, -0.124073
0.151683, 1.94553, 1.00506, 1.93154, -0.35853, -1.09017, -1.53123, 2.57139, -3.00789, -0.372037
0.680992, 0.826576, 0.651765, -0.035086, 0.339461, 0.387278, -0.465431, -0.448123, -0.352026, 0.793251
1.00804, -0.809833, -0.656299, 1.15405, -0.178474, 2.51522, -0.268249, 0.894224, -1.41594, -0.119229
1.93311, 0.776374, -2.15884, -0.300253, 2.76836, 2.79061, 2.69326, -1.92907, -0.0240979, -2.80226
-1.06091, 0.0963624, 3.74936, 2.59456, -2.21086, -1.18392, -1.20686, -2.20216, -0.130041, -0.490472
5.2081, -3.07752, 2.25806, -1.34124, 2.94017, -5.46002, 1.59987, 1.89253, -1.00371, -0.447111
-0.89406, 0.72972, 2.6558, 1.50092, 2.05789, -1.80951, -0.03486, 1.09464, -3.0527, -1.34399
-1.15349, 0.0134991, 2.0817, -0.766696, 2.09918, -1.84929, 0.605686, 0.737957, -1.71624, -0.672434
1.31995, 2.92013, 2.27288, -0.472905, 0.779739, 0.825987, -1.87022, 0.704437, -3.47289, 1.63642
1.00976, -0.0857099, -2.39556, -4.15792, 1.47575, 3.27679, 0.885398, 2.17964, 2.02298, -0.203279
-0.775263, 3.15289, -1.20108, -0.0171835, -1.70739, 2.67033, 0.232307, 2.03198, -1.53673, -1.53378
2.63041, 3.38883, -2.40796, -0.676559, 0.896896, 0.655716, 0.781761, 4.43313, -3.19435, -1.1721
0.0187601, 2.88796, 0.892588, -0.813294, 2.51049, -3.2719, -0.539168, 4.73737, -3.35717, -0.0766364
2.53408, -2.61708, 2.48429, 0.693912, -2.71014, -2.15311, -1.2768, -2.4694, 2.381, 1.55612
-0.909591, -0.447143, -2.3186, 2.83423, -0.764298, 0.766875, -1.91897, 3.80771, -3.70765, 1.24577
1.77472, -0.905809, -2.46489, 1.01488, 0.68275, 2.63426, 1.73675, 1.31249, -1.66581, -2.47892
1.73807, 0.851862, 3.74149, -0.0744333, 1.50127, -0.297581, -2.26902, 0.99919, -3.05651, 0.401424
2.02231, -0.193308, -3.68058, -1.32132, 5.02684, 0.241327, 1.68966, 3.9905, -0.945709, -0.936427
1.64587, 4.62567, 0.255787, -4.10249, 3.1267, -3.50484, 4.24914, -0.0623567, -0.575764, -0.00376608
0.427767, -0.472545, 0.254615, 0.725072, -0.190962, 1.8283, -0.310272, -0.755975, -0.691874, -0.182764
0.76307, 0.16162, -0.21724, 0.907424, 0.918286, 2.89893, -0.0157285, -2.66954, 0.402417, -1.14477
1.30802, -0.357269, 1.86525, 0.471013, -1.07929, 1.07915, -0.42812, 0.595353, -1.14535, -0.326179
4.77443, -1.53271, -2.41628, -0.086555, 0.0749503, -2.15643, 3.94983, 4.0277, -1.3123, -1.83722
-1.34375, 1.77207, 3.1926, 2.93928, -2.74365, -0.461569, -1.69296, 0.872896, -1.76018, -0.752808
-3.57642, 1.81577, 0.075672, -2.93431, -2.52807, -1.28638, 0.173534, -1.60722, 5.52408, 0.983222
0.381768, -0.146253, -0.320383, 1.33686, 0.512347, 3.00633, -0.331024, -0.682088, -1.9711, 0.712936
1.32101, 0.360133, -3.83146, -2.76113, 3.66763, 0.625746, -0.698056, 1.43954, 1.19397, 3.422
-0.192219, 0.981893, -1.36838, -1.60917, -0.230943, 3.26347, 1.42839, 0.249439, -0.392211, -1.25832
2.66831, 2.17016, -3.16774, -3.60677, 2.74224, 1.00259, 4.05206, 0.924572, -1.86294, -0.770772
-1.46002, 0.812351, -1.92133, -2.28992, 0.862172, 4.48205, 1.48901, -1.85699, 0.889156, -0.556422
4.44258, -1.45142, -1.18896, 0.0402665, -1.61223, 2.79089, -0.883092, -0.205216, -0.626915, 0.708498
-3.40301, -0.395426, -1.19513, -0.404157, 3.41705, -4.48269, -3.09786, 4.66078, -0.748107, 3.86876
0.776781, -1.15491, -2.12943, -1.01704, 1.29914, 4.09658, 2.69717, -0.644862, 0.777919, -2.98315
-0.188589, -1.77169, -2.72466, 0.104259, -1.67851, 6.91713, 1.26991, -1.89083, 1.75068, -2.47742
0.0620209, -1.8032, -3.30884, -2.35529, 0.25985, 6.2757, 3.13562, 1.68287, -0.439632, -1.79552
2.69709, 0.633656, 0.154357, 3.68936, -0.803873, -0.525164, -0.241361, -0.379649, 0.0813894, -1.77233
2.09773, -2.55767, -1.06749, 2.34147, -0.840715, 2.40819, -0.572626, -0.23197, -0.987133, 0.114538
0.693677, 0.114496, 2.90265, -1.07054, -2.21358, -1.20428, 0.105581, 1.94364, 0.0869178, -0.991473
1.33569, 0.94822, 0.795892, 1.06942, -1.99521, 1.14393, -0.0868832, -1.71685, 0.422481, -0.0742971
0.106299, -2.02219, -0.343933, -3.16957, -1.88729, 0.251969, 4.05093, 0.739212, 4.40935, -2.63206
-0.528817, 1.65932, 0.515323, 1.19886, -2.04459, 2.42456, 0.0488057, 0.484548, -1.22343, -1.48538
0.496908, 1.97689, -5.89041, -0.424077, 2.20176, 3.93952, 3.18964, -0.249852, -0.883829, -0.335969
0.438213, 0.721949, 0.204822, 0.0928718, -0.888086, 2.88914, 0.308073, 0.206429, 0.00212447, -0.993088
0.0853195, -0.50765, -2.65654, -2.59684, 1.46101, 5.65501, 0.452105, -0.0304798, 1.13087, -1.09642
-1.07966, 3.81093, 0.738818, -0.900596, -0.924424, 0.740207, 0.0122206, 2.25392, -1.38009, -1.70806
-0.466895, 3.38954, -2.97294, -3.29479, 1.84337, 1.3503, 3.29051, 2.73965, -3.56355, 0.880318
-1.9494, 0.506091, -2.07353, -3.39284, 2.84249, 3.29154, 1.33543, -0.321066, -0.148054, 0.83253
4.85534, -2.38335, -0.879452, 0.838953, -2.01185, 2.68648, 0.101696, -0.164716, -0.960038, -0.40048
-3.65584, -0.570492, -0.327814, -1.31925, 3.29686, -5.25229, -3.65812, 4.86623, 0.0973029, 4.74302
0.743856, -1.30626, -2.85667, -1.4779, 1.48579, 4.15852, 3.05697, -0.711233, 1.01096, -2.21188
0.684468, -2.87997, 1.09525, -0.724276, -3.14523, 4.46387, -1.47346, -1.04657, 2.46093, -1.51584
-0.238788, 2.32619, -0.310529, -1.46571, 0.750598, 4.3922, 1.61162, -0.154292, -1.44504, -2.08078
3.56132, -1.00521, -0.593354, 2.65523, -0.470467, 2.27457, 1.41412, 0.421891, -0.335804, -4.03693
2.37508, -2.61657, -1.03563, 1.862, 0.710533, -0.069476, -1.89855, 0.958497, -1.09784, 0.951831
3.04375, 2.65866, 1.37947, -2.44416, 2.63811, -0.771877, 0.19743, 2.05246, -3.66352, 0.882722
1.95307, 0.942061, 1.36195, 1.86044, 0.932091, -0.991962, -1.26339, -1.58348, -0.637977, 0.492728
5.32469, -1.30582, -0.38899, -1.46632, -1.58949, -1.2543, 0.570428, 2.35632, -0.107557, -0.0143077
-1.25614, 0.341118, -2.11616, 1.76485, -0.583982, 4.24449, 0.363969, 0.0659622, -1.31531, -1.37453
-2.96131, 2.28577, -0.117453, -3.73942, 3.92061, -2.94729, -2.89104, 1.5094, -0.164047, 6.20687
-0.0345155, 1.16648, -1.64379, -1.41792, 2.52816, 2.31767, 3.47425, 0.57464, -0.618694, -2.70312
0.762178, 1.18578, -2.46222, -1.76183, -0.675667, -0.819935, 1.5789, 6.39017, 0.0936157, -0.626405
2.83181, 2.94698, -0.0151982, -0.729813, 0.384572, -2.27335, 3.62558, 2.95971, -0.156384, -2.95942
2.33399, 4.46716, -1.73261, -0.153949, 0.369595, -2.67683, -0.731529, -1.76827, -0.0401997, 3.44904
2.24139, -2.68277, -3.53695, -1.43536, -1.90681, 6.8714, 3.02031, -1.04166, 1.15271, -1.76872
0.8006, -3.65954, -0.103799, 0.223934, -1.76408, 5.00245, -1.66488, -2.45092, 1.63261, -0.303039
-1.57335, 1.71406, -2.14546, -1.04991, 2.60186, -3.16544, -2.5456, 6.69615, -1.08259, 1.82196
0.185218, -1.21917, -4.04032, -3.79269, 1.5624, 4.50761, 4.46518, 1.22429, 1.10425, -1.25268
4.63586, 3.49298, -0.382152, -2.1422, 3.37482, 0.0730544, 1.39283, 2.8276, -3.2345, -2.09236
2.60461, 2.11018, -2.58408, 2.87981, -0.949526, 4.61557, 2.34135, 1.03318, -3.73801, -3.85833
0.844219, 2.00546, 1.12076, -0.668523, -1.89948, 2.89495, 0.799255, -2.59866, 0.306951, -0.708544
1.04102, -1.18113, -1.33951, 0.471747, -0.280537, 1.24647, 0.876302, 0.881541, -1.18762, 0.771569
1.4284, 1.08706, -3.37365, -2.12694, 1.36043, 3.75381, 4.12974, -0.482405, 1.13199, -2.97314
